order	wl0	wl1
0	3880	3890
1	3920	3930
2	3975	3990
3	4010	4020
4	4070	4090
5	4120	4135	
6	4160	4180
7	4200	4210
8	4275	4286
9	4330	4345
10	4390	4410
11	4435	4450
12	4495	4510
13	4555	4565
14	4610	4625
15	4685	4705
16	4730	4750
17	4820	4840
18	4880	4900
19	4920	4940
20	5020	5040
21	5080	5100
22	5180	5200
23	5240	5260
24	5345	5365
25	5410	5440
26	5500	5520
27	5605	5625
28	5700	5720
29	5780	5800
30	5920	5940
31	6000	6020
32	6105	6140
33	6200	6260
34	6340	6380
35	6440	6480
36	6560	6600
37	6680	6710
38	6820	6860
39	6960	7020
40	7160	7190
41	7260	7320
42	7420	7460
43	7450	7575
44	7745	7785
45	7920	7980
46	8080	8120
47	8325	8400
48	8550	8600
49	8710	8785
50	9035	9080
